	
	
	
	
	
	//For Shuffling on 10/08/14
	
	
	
	
	Add(1,5205,1,0,0,5185,1,610,100,706,25,7194,113,7539,1); //emperor laurer crown
	Add(1,5188,1,0,0,5027,1,7166,50,7064,1,7539,1); //creative convenient hat
	Add(1,5206,1,0,0,2269,1,982,1,7539,1); //romantic white flower
	Add(1,2273,1,3500,0,2275,1,998,50,733,1,7539,1); //doctor band
	Add(1,5068,1,20000,0,2255,1,2286,1,7539,1); //evil wing ears
	Add(1,2214,1,0,0,949,100,706,1,722,1,2213,1,7539,1); //bunny band
	Add(1,5433,1,0,0,5185,1,969,2,7539,1); //champions,s wreath
	Add(1,5043,1,0,0,2281,1,1048,50,7539,1); //opera phantom mask
	Add(1,5048,1,0,0,5041,1,999,10,7539,1); //cresent hairpin
	Add(1,5233,1,0,0,2233,1,983,1,7206,300,7030,1,978,1,7539,1); //blue drooping cat
	Add(1,2281,1,5000,0,998,20,707,1,7539,1); //opera masque
	Add(1,5311,1,0,0,5139,5,7539,1); //large hibiscus
	Add(1,5137,1,0,0,5141,5,7047,100,661,1,7539,2); //alice doll
	Add(1,5342,1,0,0,5137,1,5040,1,1020,20,7152,5,7539,1); //sorin doll hat
	Add(1,5364,1,0,0,5347,1,975,1,982,1,983,1,5048,1,7539,1); //evil snake lord hat    
	Add(1,5289,1,0,0,526,200,7268,1,7539,1); //vanilmirth hat
	Add(1,5252,1,0,0,5058,1,1022,250,7267,100,7539,1); //drooping 9tails
	Add(1,5098,1,0,0,1029,10,2297,5,7267,50,7539,1); //tiger mask
	Add(1,5333,1,0,0,996,4,12028,1,12032,1,992,10,5011,1,7539,1); //radio anthena
	Add(1,5070,1,0,0,7216,300,7097,300,2211,1,982,1,7539,1); //hot blooded headband
	Add(1,5146,1,0,0,978,1,949,500,1019,1,7539,1); //elephant hat
	Add(1,5176,1,0,0,706,1,1019,500,7200,10,7015,20,2267,1,952,100,1028,100,7539,1); //hahoe mask
	Add(1,5324,1,0,0,5137,1,7063,20,1034,20,7539,1); //little angel doll
	Add(1,5397,1,0,0,7325,5,2205,1,7355,1,7539,1); //scuba mask
	Add(1,5021,1,0,0,2233,1,969,1,999,20,949,80,938,800,7539,1); //grief of greed
	Add(1,5255,1,0,0,5153,1,741,10,5132,1,5074,1,7539,1); //triple poring hat
	Add(1,5108,1,5000,0,7301,1887,5114,1,611,10,7539,1); //detective cap
	Add(1,5049,1,0,0,1099,1500,7539,1); //stripped hairband
	Add(1,5196,1,0,0,2208,1,980,1,7539,1); //orange ribbon
	Add(1,5140,1,0,0,5085,1,2244,1,5191,1,7166,50,7539,1); //charming ribbon
	Add(1,5424,1,0,0,980,1,620,1,605,50,985,200,7539,1); //fanta orange can hat
	Add(1,5212,1,0,0,1820,2,5011,1,2651,1,4125,1,7539,1); //satellite hairband
	Add(1,5144,1,0,0,2214,1,2221,1,7567,25,1001,200,7539,1); //gamble hat
	Add(1,5203,1,0,0,2278,1,1015,1,999,5,7539,1); //smiling mask
	Add(1,5051,1,0,0,7047,100,7539,1); //pussy cat bell
	Add(1,5299,1,0,0,7441,20,949,50,916,15,7115,10,7440,20,7063,10,7200,10,2214,1,7539,1); //pagdayaw
	Add(1,5071,1,10000,0,5010,1,5049,1,7101,10,7539,1); //indian headband
	Add(1,5430,1,50000000,0,5414,1,7135,10,7451,4,7539,1); //promethean crown
	Add(1,5239,1,0,0,2252,1,1036,400,7001,50,4052,1,982,1,7539,1); //gray mage hat
	Add(1,5277,1,0,0,5278,1,508,200,7539,1); //Air pirates bandana
	Add(1,5156,1,0,0,2265,10,982,1,7539,1); //fater's mask
	Add(1,5181,1,0,0,7511,100,7340,200,7023,10,7539,1); //helm of darkness
	Add(1,5339,1,0,0,5100,1,7112,25,1558,1,7539,1); //friend recruiter
	Add(1,5369,1,0,0,5191,6,7205,25,558,3,2210,1,7441,5,7539,1); //dark wing
	Add(1,5039,1,0,0,7030,50,978,1,5015,1,7539,1); //rainbow eggshell
	
	
	//For Shuffling on 10/15/14
	
	
	Add(1,5174,1,0,0,7445,7,7446,7,7447,7,7448,7,945,300,975,1,733,5,7166,50,7539,1); //ayam
	Add(1,5283,1,0,0,949,200,916,100,7063,20,925,1,7539,1); //chick hat
	Add(1,5242,1,0,0,2252,1,1036,400,7001,50,4052,1,976,1,7539,1); //yellow mage hat
	Add(1,5285,1,0,0,7192,200,10011,1,7539,1); //vane hairpin
	Add(1,5254,1,0,0,5132,1,5068,1,2255,1,7023,5,983,1,7539,1); //deviling hat
	Add(1,5031,1,0,0,5009,1,5028,1,747,1,999,25,7539,1); //mine hat
	Add(1,5318,1,0,0,5035,2,5060,2,741,10,530,50,938,100,7539,1); //poring party hat
	Add(1,5297,1,0,0,5257,1,1472,2,5158,2,7063,40,7539,1); //soul wing
	Add(1,5091,1,20000,0,10016,1,714,1,969,3,7539,1); //decorative bell
	Add(1,5311,1,0,0,5139,5,7539,1); //large hibiscus
	Add(1,5421,1,100000000,0,2286,1,7122,60,7539,1); //ifrit ears
	Add(1,5282,1,0,0,5200,1,982,1,978,2,7539,1); //europe baseball cap
	Add(1,5413,1,0,0,608,20,1752,1,2261,1,978,1,7539,1); //popcorn hat
	Add(1,5139,1,0,0,5085,1,710,5,7510,1,975,1,7539,1); //hibiscus
	Add(1,5027,1,0,0,2252,1,1036,400,7001,50,4052,1,7539,1); //mage hat
	Add(1,5036,1,0,0,2608,1,7069,500,7539,1); //cross hat
	Add(1,5179,1,0,0,2234,1,969,3,2610,4,13106,2,7539,1); //golden tiara
	Add(1,5357,1,0,0,7510,20,7539,1); //wing of victory
	Add(1,5429,1,0,0,5100,1,1021,30,7268,1,7539,1); //dokeibi hat
	Add(1,5354,1,0,0,5431,1,12080,1,1629,1,7539,1); //muslim hat
	Add(1,5344,1,0,0,5137,1,7038,20,1060,25,7539,1); //bennit doll
	Add(1,5317,1,0,0,5120,1,2290,1,938,4,7539,1); //Fisherman's Hat
	Add(1,5229,1,0,0,1038,600,7048,40,982,1,983,1,7539,1); //brown deviruchi hat
	Add(1,5063,1,0,0,970,1,930,500,7539,1); //giant bandaid
	Add(1,5194,1,0,0,2208,1,975,1,982,1,7539,1); //pink ribbon
	Add(1,5070,1,0,0,7216,300,7097,300,2211,1,982,1,7539,1); //hot blooded headband
	Add(1,5232,1,0,0,2233,1,983,1,7206,300,7030,1,982,1,975,1,7539,1); //pink drooping cat
	Add(1,5422,1,500000,0,1550,3,1006,20,7539,1); //linguistic book hat
	Add(1,5187,1,0,0,5085,1,5091,1,5117,2,978,1,975,1,7539,1); //twin red ribbon
	Add(1,5380,1,0,0,5065,2,7539,1); //fish head hat
	Add(1,5203,1,0,0,2278,1,1015,1,999,5,7539,1); //smiling mask
	Add(1,5031,1,0,0,7013,1200,7539,1); //mine hat
	Add(1,5310,1,0,0,5034,1,1971,2,996,6,7539,1); //shiny electric bulb
	Add(1,5333,1,0,0,996,4,12028,1,12032,1,992,10,5011,1,7539,1); //radio anthena
	Add(1,5343,1,0,0,5137,1,2215,1,1034,25,7539,1); //Telling doll hat
	Add(1,5388,1,0,0,1048,50,926,50,7539,1); //snake hat 
	Add(1,5307,1,0,0,2275,5,514,2,979,1,634,1,619,20,1027,20,7539,1); //carmen miranda hat
	Add(1,5048,1,0,0,5041,1,999,10,7539,1); //cresent hairpin
	Add(1,5340,1,0,0,5137,1,5040,1,1034,25,7539,1); //defolty doll hat      
	Add(1,5024,1,0,0,529,10,530,5,539,20,999,10,538,15,7539,1); //cake
	Add(1,5084,1,0,0,1026,1000,7065,100,945,100,7030,1,7539,1); //lazy smokie
	Add(1,5073,1,0,0,2285,1,1550,1,7539,1); //model training hat
	Add(1,5043,1,0,0,2281,1,1048,50,7539,1); //opera phantom mask
	Add(1,5803,1,0,0,2215,3,2210,2,5061,1,10009,1,7539,1); //love flower hat
	Add(1,5359,1,0,0,2284,1,5019,1,975,1,7539,7); //ship captain hat
	Add(1,5278,1,0,0,2210,1,5192,1,2250,1,7539,1); //yellow ribbon
	Add(1,5212,1,0,0,1820,2,5011,1,2651,1,4125,1,7539,1); //satellite hairband
	Add(1,2284,1,0,0,923,20); //antler
	Add(1,5094,1,0,0,968,100,2299,1,1124,1,931,1000,7539,2); //orc hero helm
	Add(1,5023,1,0,0,1059,150,907,100,978,1,7539,1); //parcel hat
	Add(1,5443,1,0,0,916,500,523,1,7292,10,2282,1,640,1,7539,1); //Statue Of Baby Angel
	
	
	
	
	//For Shuffling on 10/22/14
	
	
	
	
	
	Add(1,2272,1,911000,0,1019,50,983,1,7539,1); //stop post
	Add(1,5099,1,0,0,7267,300,7171,300,1029,5,7539,1); //neko mini
	Add(1,5022,1,0,0,7086,1,969,10,999,40,1003,50,984,2,7539,1); //hat of the sun
	Add(1,5029,1,0,0,7068,300,7033,850,1015,1,7539,1); //spore hat
	Add(1,5076,1,0,0,2227,1,7038,500,7539,1); //beanie
	Add(1,5365,1,0,0,574,150,7031,150,7539,1); //mangolia hat
	Add(1,5001,1,0,0,999,40,984,1,970,1,1003,1,7539,1); //headset
	Add(1,5247,1,0,0,1039,60,923,25,2255,1,7539,1); //satanic helm
	Add(1,5396,1,0,0,5430,1,5285,1,7262,20,5396,1,7539,1); //jasper crest
	Add(1,5183,1,0,0,604,100,916,100,7115,100,7539,1); //bird nest hat
	Add(1,5186,1,0,0,1032,100,7100,100,905,250,7539,1); //geographer band
	Add(1,5231,1,0,0,2233,1,983,1,7206,300,7030,1,982,1,983,1,7539,1); //brown drooping cat
	Add(1,2214,1,0,0,949,100,706,1,722,1,2213,1,7539,1); //bunny band
	Add(1,5392,1,100000,0,721,5,7216,25,7539,1); //louyang hat
	Add(1,5289,1,0,0,526,200,7268,1,7539,1); //vanilmirth hat
	Add(1,5270,1,0,0,7198,200,7097,40,7539,1); //autum leaves
	Add(1,5448,1,0,0,521,200,1019,300,7539,1); //indifferent solo hat
	Add(1,5185,1,0,0,5061,1,712,100,7194,150,7298,100,520,50,521,50,7539,1); //laurel wreath
	Add(1,5050,1,0,0,5037,1,7064,500,7539,1); //wonder nut shell
	Add(1,5409,1,0,0,5075,1,7101,5,981,10,7539,1); //purple cowboy hat
	Add(1,5021,1,0,0,2233,1,969,1,999,20,949,80,938,800,7539,1); //grief of greed
	Add(1,5105,1,0,0,2288,1,1095,3000,7539,1); //2nd aniversary hat
	Add(1,5313,1,0,0,5124,1,2249,1,5007,1,523,200,7539,1); //diadem
	Add(1,5234,1,0,0,2233,1,983,1,7206,300,7030,1,976,1,7539,1); //yellow drooping cat
	Add(1,5200,1,0,0,5016,1,981,1,7317,20,7539,1); //coppola
	Add(1,5301,1,0,0,5191,3,5195,3,7539,1); //victorious hairband
	Add(1,5169,1,0,0,706,1,1019,500,7200,10,1049,20,7165,500,1054,2,1024,100,7539,1); //bride mask
	Add(1,5368,1,0,0,5197,6,7751,25,561,3,2210,1,7063,20,7539,1); //white wing
	Add(1,5210,1,0,0,2254,10,7063,50,7168,200,7038,200,7539,1); //flapping angel wing
	Add(1,2292,1,2000,0,999,50,7539,1); //welding mask
	Add(1,5384,1,0,0,5390,1,975,1,7539,1); //twin pom santa
	Add(1,5133,1,0,0,5160,1,7106,6,7107,80,7539,1); //sheep hat
	Add(1,5341,1,80000000,0,5137,1,2276,1,1060,25,7539,1); //glaris doll hat
	Add(1,5184,1,0,0,5120,5,995,50,983,1,720,50,7539,1); //captains hat
	Add(1,5424,1,0,0,980,1,620,1,605,50,985,200,7539,1); //fanta orange can hat
	Add(1,5262,1,0,0,5164,1,7799,1,7578,1,969,3,7539,1); //golden tiara
	Add(1,5196,1,0,0,2208,1,980,1,7539,1); //orange ribbon
	Add(1,5397,1,0,0,7325,5,2205,1,7355,1,7539,1); //scuba mask
	Add(1,5335,1,0,0,741,5,607,5,940,150,7539,1); //jumping poring
	Add(1,5100,1,0,0,2272,1,7451,4,7433,3,690,10,7539,1); //sales banner
	Add(1,5332,1,0,0,7019,10,7200,10,7539,1); //loki mask
	Add(1,2280,1,10000,0,1019,120); //sakkat
	Add(1,5360,1,0,0,5057,1,2747,2,5161,1,7539,1); //wickebine ears
	Add(1,5358,1,0,0,2286,1,7101,30,7539,1); //peco ears
	Add(1,5431,1,50000000,0,5283,1,916,50,2717,1,7539,1); //chicken hat
	Add(1,5040,1,0,0,7047,100,7539,1); //blush
	Add(1,5103,1,0,0,5351,1,10011,1,7539,1); //sunflower ahirpin
	Add(1,5412,1,0,0,530,20,7035,10,7539,1); //lollipop
	Add(1,5304,1,0,0,7017,2,2510,1,983,1,7539,1); //cap of blindness
	Add(1,5192,1,0,0,2208,1,976,1,7539,1); //yellow ribbon
	
	
	
	
	//For Shuffling on 10/29/14
	
	
	
	
	
	Add(1,5390,1,0,0,2236,2,978,1,1034,50,2294,2,7539,1); //blue x-mass cheer
	Add(1,5175,1,100000,0,7111,100,938,99,983,1,7539,1); //censor bar
	Add(1,5369,1,0,0,5191,6,7205,25,558,3,2210,1,7441,5,7539,1); //dark wing
	Add(1,5207,1,0,0,2282,5,2254,2,969,1,7063,15,7539,1); //angel blessing
	Add(1,5427,1,0,0,5288,1,12078,1,7521,1,12183,1,7539,1); //black tea kochakaden hat
	Add(1,5060,1,0,0,2236,1,7151,100,7111,100,7539,1); //party hat
	Add(1,5414,1,100000000,0,7300,9,1068,4,7098,2,7539,1); //campfire hat
	Add(1,5121,1,0,0,7263,1,660,1,7099,30,7315,369,7539,1); //zealotus mask
	Add(1,5109,50000,0,0,10015,1,10007,1,5023,1,975,1,7539,1); //red bonnet
	Add(1,5071,1,10000,0,5010,1,5049,1,7101,10,7539,1); //indian headband
	Add(1,5334,1,0,0,5132,1,1971,20,7093,4,2659,1,7539,1); //flapping angeling
	Add(1,5236,1,0,0,2227,1,7038,500,978,1,7539,1); //blue beanie
	Add(1,5261,1,0,0,5164,1,714,25,2611,50,7799,4,7539,1); //silver tiara
	Add(1,2237,1,0,0,1020,100,983,1,2241,1,7539,1); //bandit beard
	Add(1,5410,1,50000000,0,7188,40,7111,20,7539,1); //brown paperbag hat
	Add(1,5026,1,0,0,1036,450,949,330,539,120,982,1,7539,1); //chef hat
	Add(1,5206,1,0,0,2269,1,982,1,7539,1); //romantic white flower
	Add(1,5195,1,0,0,2208,1,975,1,7539,1); //red ribbond
	Add(1,5252,1,0,0,5058,1,1022,250,7267,100,7539,1); //drooping 9tails
	Add(1,5137,1,0,0,5141,5,7047,100,661,1,7539,2); //alice doll
	Add(1,5312,1,0,0,2261,1,983,1,2280,1,2627,1,969,2,7539,1); //ayatoya king hat
	Add(1,5415,1,0,0,5255,1,5024,1,7539,1); //poring cake hat
	Add(1,5062,1,0,0,2280,1,7197,300,7150,300,7539,1); //straw hat
	Add(1,5299,1,0,0,7441,20,949,50,916,15,7115,10,7440,20,7063,10,7200,10,2214,1,7539,1); //pagdayaw
	Add(1,5375,1,0,0,5094,1,10018,2,968,5,7440,30,7539,2); //orc boss hat 
	Add(1,5047,1,0,0,2271,1,975,1,7539,1); //fashion glasses
	Add(1,5382,1,0,0,969,8,10016,2,5083,1,7539,1); //bell ribbon
	Add(1,5130,1,0,0,1048,100,7564,150,517,30); //lion mask
	Add(1,5302,1,0,0,7553,2,982,1,7771,1,7539,1); //water liliy hat
	Add(1,2278,1,0,0,705,10,909,10,914,10,7539,1); //mr. smile
	Add(1,5025,1,0,0,2229,1,2254,1,7036,5,7539,1); //angelhelm
	Add(1,5337,1,0,0,5100,1,7112,25,2617,1,7539,1); //party recruiter hat
	Add(1,5156,1,0,0,2265,10,982,1,7539,1); //fater's mask
	Add(1,5137,1,0,0,5141,5,7047,100,661,1,7539,2); //alice doll
	Add(1,5269,1,0,0,5203,4,7063,60,2210,1,7539,1); //flapping angel wing
	Add(1,5288,1,0,0,5047,1,2276,1,7539,2); //red glasses
	Add(1,5411,1,0,0,5388,1,982,5,7263,2,978,2,7539,1); //white snake hat
	Add(1,5404,1,0,0,5187,1,1034,70,7441,10,978,10,7539,1); //blue ribbon 
	Add(1,5336,1,0,0,5100,1,7112,25,714,1,7539,1); //guildmen recuiter hat 
	Add(1,5287,1,0,0,5062,1,5348,1,978,1,7539,1); //vacation hat
	Add(1,5146,1,0,0,978,1,949,500,1019,1,7539,1); //elephant hat
	Add(1,5131,1,0,0,5128,1,969,10,978,1,985,27,7539,1); //close helm
	Add(1,5807,1,0,0,5416,1,2211,2,949,100,7539,1); //october fest cap
	Add(1,5039,1,0,0,7030,50,978,1,5015,1,7539,1); //rainbow eggshell
	Add(1,5016,1,0,0,1030,10,0,0,0,0,0,0); //boys cap
	Add(1,5811,1,0,0,985,100,2241,10,7539,1); //santa beared
	Add(1,5059,1,0,0,5030,1,7213,100,7217,100,7161,300,7539,1); //teddybear hat
	Add(1,5143,1,0,0,5090,1,1020,300,975,1,982,1,7539,1); //kabuki mask
	Add(1,5098,1,0,0,1029,10,2297,5,7267,50,7539,1); //tiger mask
	Add(1,5142,1,0,0,5017,1,2229,1,5014,1,7209,100,7123,100,1036,100,979,1,7539,1); //cresent helm
	
	
	
	
	//For Shuffling on 11/05/14
	
	
	
	
	
	Add(1,5271,1,0,0,2254,1,723,1,7301,20,999,50,978,1,7539,1); //phoenix crown 
	Add(1,5257,1,0,0,5074,1,2282,1,7064,10,969,5,7539,1); //soul ring
	Add(1,5395,1,0,0,5045,2,7205,150,983,1,1059,100,7539,1); //tiraya bonet
	Add(1,2240,1,0,0,1040,2,982,2,949,4,7457,1,7539,1); //grandpa beared
	Add(1,5364,1,0,0,5347,1,975,1,982,1,983,1,5048,1,7539,1); //evil snake lord hat    
	Add(1,5018,1,500,0,2247,1,916,300,7539,1); //feather bonnet
	Add(1,5051,1,0,0,7047,100,7539,1); //pussy cat bell
	Add(1,5383,1,0,0,5200,1,979,1,7445,50,7539,1); //hunting cap
	Add(1,5258,1,0,0,914,100,975,1,976,1,978,1,7539,1); //afro wig
	Add(1,5211,1,0,0,5045,1,5083,1,7063,40,7553,1,982,1,975,1,7539,2); //dress hat
	Add(1,5400,1,0,0,1022,20,1234,2,7539,1); //fox hat
	Add(1,5260,1,0,0,4293,1,538,100,530,100,529,50,7539,1); //cookie hat
	Add(1,5420,1,300000000,0,5430,2,5421,1,7539,1); //ifrit mask
	Add(1,5801,1,0,0,5083,1,2700,12,7566,12,7562,12,2357,3,7539,1); //red tailed ribbon
	Add(1,5193,1,0,0,2208,1,979,1,7539,1); //green ribbon
	Add(1,5115,1,50000,0,983,1,7267,99,749,1,7539,1); //winter hat
	Add(1,5214,1,0,0,976,1,1060,300,1022,100,5008,5,7539,1); //moonlight flower hat
	Add(1,5425,1,0,0,981,1,533,1,605,50,985,200,7539,1); //fanta grape can hat
	Add(1,5078,1,0,0,5033,1,5064,1,7539,1); //sea-otter hat
	Add(1,5291,1,0,0,7323,100,969,20,7539,1); //kettle hat
	Add(1,5181,1,0,0,7511,100,7340,200,7023,10,7539,1); //helm of darkness
	Add(1,5182,1,0,0,5008,10,5118,1,1060,100,2210,1,7539,1); //puppy hat
	Add(1,5205,1,0,0,5185,1,610,100,706,25,7194,113,7539,1); //emperor laurer crown
	Add(1,5426,1,0,0,5027,1,976,5,7539,1); //karada
	Add(1,5132,1,0,0,5035,1,5074,1,714,1,999,5,7539,1); //angeling hat
	Add(1,5064,1,0,0,945,600,7030,1,7539,1); //smokie leaf
	Add(1,5316,1,0,0,2226,1,622,10,7539,1); //umberalla hat
	Add(1,5083,1,0,0,2244,1,2209,1,10007,1,7539,1); //red ribbon
	Add(1,5319,1,0,0,5035,1,5074,1,978,1,7539,1); //arch angeling hat
	Add(1,5373,1,0,0,2255,1,7566,3,7511,60,5104,1,7799,4,7023,20,7539,3); //dark rangis helm
	Add(1,5416,1,0,0,746,20,7097,12,587,20,2717,1,7539,1); //bear hat
	Add(1,5227,1,0,0,1038,600,7048,40,975,1,7539,1); //red deviruchi hat
	Add(1,5081,1,40000,0,2249,1,714,1,969,3,7539,1); //mistress crown
	Add(1,5020,1,0,0,2215,1,2210,1,7063,20,7539,1); //kafra band
	Add(1,5253,1,0,0,1034,300,7445,30,5141,10,979,1,7539,1); //lif doll hat
	Add(1,5038,1,0,0,1038,600,7048,40,7539,1); //deviruchi hat
	Add(1,5370,1,0,0,5302,1,981,5,7539,1); //orchid hairband
	Add(1,5080,1,0,0,10006,1,714,1,969,3,7539,1); //crown of ancient queen
	Add(1,5378,1,0,0,2214,1,5045,1,975,1,740,100,7539,2); //bunny top hat
	Add(1,2281,1,5000,0,998,20,707,1,7539,1); //opera masque
	Add(1,5339,1,0,0,5100,1,7112,25,1558,1,7539,1); //friend recruiter
	Add(1,5346,1,0,0,5100,1,7112,25,558,1,7539,1); //gf recruter hat
	Add(1,5284,1,0,0,5302,1,975,1,982,1,5165,1,7539,1); //water lily crown
	Add(1,5239,1,0,0,2252,1,1036,400,7001,50,4052,1,982,1,7539,1); //gray mage hat
	Add(1,5403,1,0,0,1023,1,544,5,579,1,7539,1); //fish in mouth
	Add(1,5188,1,0,0,5027,1,7166,50,7064,1,7539,1); //creative convenient hat
	Add(1,5191,1,0,0,2208,1,983,1,7539,1); //black ribbon 
	Add(1,5355,1,0,0,7166,100,1059,200,7539,1); //selendang
	Add(1,5052,1,0,0,2211,1,978,1,7003,300,7539,1); //blue hairband
	Add(1,5057,1,10000,0,2213,1,983,1,914,200,7539,1); //black cat ears
	
	
	
	
	
	//For Shuffling on 11/12/14
	
	
	
	
	Add(1,5405,1,0,0,7441,45,949,80,916,100,7539,1); //filir hat
	Add(1,5129,1,0,0,604,1,916,1,7539,1); //birds nest
	Add(1,5004,1,0,0,701,5,7539,1); //oxygen mask
	Add(1,5108,1,5000,0,7301,1887,5114,1,611,10,7539,1); //detective cap
	Add(1,5135,1,0,0,2295,1,969,1,975,1,999,5,7539,1); //cyclopes eye
	Add(1,5396,1,0,0,5058,1,980,1,1022,53,7539,1); //jasper crest
	Add(1,5294,1,0,0,7019,5,7567,50,7539,1); //wisper mask
	Add(1,5372,1,0,0,5099,1,5230,1,2747,5,982,15,7539,1); //koneko hat
	Add(1,5069,1,0,0,1022,99); //kitsune mask
	Add(1,5255,1,0,0,5153,1,741,10,5132,1,5074,1,7539,1); //triple poring hat
	Add(1,5056,1,0,0,5079,1,578,100,7539,1); //fruit of love
	Add(1,5152,1,0,0,2254,1,724,1,7301,20,999,50,978,1); //chinese crown
	Add(1,2283,1,0,0,724,1,5001,1,949,200,7539,1); //ear muff
	Add(1,5322,1,0,0,10019,1,982,2,7539,1); //scarf
	Add(1,5342,1,0,0,5137,1,5040,1,1020,20,7152,5,7539,1); //sorin doll hat
	Add(1,5154,1,0,0,2202,1,7020,5,7539,1); //father's sunglasses
	Add(1,5293,1,0,0,577,20,7134,1,581,3,7454,2,7455,2,6033,2,6022,2,7539,1); //ramen hat
	Add(1,5433,1,0,0,5185,1,969,2,7539,1); //champions,s wreath
	Add(1,5259,1,0,0,978,1,7561,100,949,500,1026,200,7539,1); //elephant hat
	Add(1,5140,1,0,0,5085,1,2244,1,5191,1,7166,50,7539,1); //charming ribbon
	Add(1,5138,1,0,0,5123,1,5027,1,7337,50,981,1,7539,1); //magic eye
	Add(1,5235,1,0,0,2227,1,7038,500,982,1,983,1,7539,1); //brown beanie
	Add(1,5321,1,0,0,2275,2,2211,2,7215,4,7217,20,7539,1); //indonasina bandana
	Add(1,5086,1,0,0,5024,1,539,30,660,3,7539,1); //alarm mask
	Add(1,5430,1,50000000,0,5414,1,7135,10,7451,4,7539,1); //promethean crown
	Add(1,5149,1,0,0,2234,1,714,5,2611,25,7539,1); //silver tiera
	Add(1,5054,1,0,0,2252,1,1054,450,943,1200,7539,1); //assasin mask
	Add(1,5068,1,20000,0,2255,1,2286,1,7539,1); //evil wing ears
	Add(1,2293,1,0,0,1049,4,7539,1); //pretend murder
	Add(1,5209,1,0,0,5147,1,976,1,7539,1); //love dad cap
	Add(1,5300,1,0,0,7106,2,2246,1,7263,1,7539,1); //bullock helm
	Add(1,5032,1,0,0,1059,250,2221,1,2227,1,7063,600,7539,1); //sunday hat
	Add(1,5153,1,0,0,10011,1,7539,1); //angeling hairpin
	Add(1,5082,1,0,0,921,300,7539,1); //decorative mushroom
	Add(1,5381,1,0,0,5335,1,2236,1,7539,1); //santa poring hat
	Add(1,5323,1,0,0,5081,3,7754,1,2128,1,7539,1); //misstrance crown
	Add(1,5202,1,0,0,5035,1,1062,100,535,80,7539,1); //pumkin hat
	Add(1,5058,1,0,0,2233,1,983,1,7206,300,7030,1,7539,1); //drooping cat
	Add(1,5241,1,0,0,2252,1,1036,400,7001,50,4052,1,978,1,7539,1); //blue mage hat
	Add(1,5233,1,0,0,2233,1,983,1,7206,300,7030,1,978,1,7539,1); //blue drooping cat
	Add(1,5243,1,0,0,975,1,976,1,914,100,7441,150,7065,25,2283,1,7539,1); //shafka
	Add(1,5363,1,0,0,5120,1,2261,1,983,20,7539,1); //abyssmal knight helm
	Add(1,5151,1,0,0,5001,1,978,1,991,200,7539,1); //note headphone
	Add(1,5230,1,0,0,2233,1,983,1,7206,300,7030,1,982,1,7539,1); //gray drooping cat
	Add(1,5338,1,0,0,5100,1,7112,25,561,1,7539,1); //bf recruter hat
	Add(1,5243,1,0,0,7446,1,2339,10,1059,70,7539,1);//shafka
	Add(1,5320,1,0,0,5205,1,1009,50,2111,1,7539,1); //champion wreath
	Add(1,5034,1,0,0,2233,1,746,20,7539,1); //bulb band
	Add(1,5173,1,0,0,7445,7,7446,7,7447,7,7478,7,945,300,983,1,733,5,2221,1,7539,1); //magistrate hat
	Add(1,5067,1,0,0,5062,1,952,50,1907,1,7539,1); //sumbrero


	
	
	//For Shuffling on 11/19/14
	
	
	
	

	Add(1,5213,1,0,0,2214,1,983,1,7063,30,7539,1); //shiela hairnet
	Add(1,5110,1,0,0,526,2,7270,1,941,1,10004,1,7539,1); //baby pacifier
	Add(1,5028,1,0,0,2279,1,7035,50,526,100,7539,1); //candle
	Add(1,5198,1,0,0,5058,1,2214,1,949,500,914,200,622,50,1974,1,7539,1); //evolve drooping bunny
	Add(1,5102,1,0,0,7263,2,2276,1,2239,1,568,150,7539,1); //blank eye
	Add(1,5240,1,0,0,2252,1,1036,400,7001,50,4052,1,982,1,983,1,7539,1); //brown mage hat
	Add(1,5228,1,0,0,1038,600,7048,40,982,1,7539,1); //gray deviruchi hat
	Add(1,5079,1,0,0,2294,1,7220,400); //x-hairpin
	Add(1,5237,1,0,0,2227,1,7038,500,975,1,982,1,7539,1); //pink beanie
	Add(1,5258,1,0,0,2261,1,914,200,975,1,976,1,978,1,7539,1); //afro wig
	Add(1,5314,1,0,0,7567,200,5102,1,7539,1); //hockey mask
	Add(1,5144,1,0,0,2214,1,2221,1,7567,25,1001,200,7539,1); //gamble hat
	Add(1,5238,1,0,0,2252,1,1036,400,7001,50,4052,1,975,1,7539,1); //red mage hat
	Add(1,5256,1,0,0,7510,1,2210,1,7063,50,7539,1); //valkyrie featherband
	Add(1,5345,1,0,0,5137,1,5195,2,1060,45,7539,1); //w doll hat
	Add(1,5417,1,0,0,4112,1,5299,1,7539,1); //crown parrot
	Add(1,5061,1,20000,0,2269,1,999,10,7539,1); //flower hairpin
	Add(1,5117,1,50000,0,731,10,748,2,982,1,7539,1); //mystic rose
	Add(1,5107,1,0,0,519,50,7031,50,548,50,539,50,7539,1); //crunch toast
	Add(1,5292,1,0,0,7266,2,1035,4,10001,1,7539,1); //dragon skull
	Add(1,5033,1,0,0,1036,20,2213,1,7065,300,7012,200,7539,1); //raccoon hat
	Add(1,5324,1,0,0,5137,1,7063,20,1034,20,7539,1); //little angel doll
	Add(1,5352,1,0,0,5035,1,979,1,938,100,7539,1); //poporing cap
	Add(1,5177,1,0,0,706,1,1019,500,7200,10,1049,500,1053,2,980,1,7539,1); //mythical lion mask
	Add(1,5277,1,0,0,5278,1,508,200,7539,1); //Air pirates bandana
	Add(1,2273,1,3500,0,2275,1,998,50,733,1,7539,1); //doctor band
	Add(1,5806,1,0,0,2280,1,7479,1,2109,1,7539,1); //poen natalia hat
	Add(1,5385,1,0,0,753,100,7539,1); //yoyo hat
	Add(1,5074,1,20000,0,2286,1,2254,1,7539,1); // angel wing ears
	Add(1,5049,1,0,0,1099,1500,7539,1); //stripped hairband
	Add(1,5401,1,0,0,5288,1,983,1,7539,1); //black frame glasses
	Add(1,5147,1,0,0,2227,1,978,1,1057,100,7539,1); //baseball cap
	Add(1,5371,1,0,0,5016,1,1004,35,7539,1); //judge hat
	Add(1,5303,1,0,0,712,100,710,5,629,5,10009,1,7539,1); //flower crown
	Add(1,5176,1,0,0,706,1,1019,500,7200,10,7015,20,2267,1,952,100,1028,100,7539,1); //hahoe mask
	Add(1,5075,1,0,0,2248,1,7030,108,7194,108,7120,4,7539,1); //cow boy hat
	Add(1,5418,1,0,0,5016,1,2261,1,968,1,975,5,1004,35,7539,1);//soldier hat
	Add(1,5197,1,0,0,2208,1,982,1,7539,1); //white ribbon
	Add(1,5077,1,0,0,2278,1,975,1,7539,1); //tulip hairpin
	Add(1,2296,1,50000,0,2243,1,999,100,7539,1); //binoculars
	Add(1,5065,1,0,0,624,1,959,300,544,50,1023,1,7539,1); //blue fish
	Add(1,5449,1,0,0,521,200,1019,300,7539,1); //angry solo hat
	Add(1,5315,1,0,0,2276,1,5135,1,7094,50,7353,50,7539,1); //observer
	
	
	
	//For Shuffling on 10/08/14
	
	
	Add(1,5376,1,0,0,641,1,2210,1,7063,60,983,4,7539,3); //flying evil wing	
	Add(1,5361,1,0,0,7216,200,7539,7); //gangster scarf	
	Add(1,5800,1,0,0,5040,1,7170,1,2371,1,7539,6); //blush of groom
	Add(1,5518,1,50000000,0,6004,1,7799,50,7798,30,2256,1,7539,10); //large magestic goat
	Add(1,5423,1,5000000,0,736,300,5074,1,994,1,7539,8); // i love china


	//For Shuffling on 10/15/14


	Add(1,5276,1,0,0,2261,1,914,200,983,1,976,1,975,1,7539,4); //fantastic wig
	Add(1,5377,1,100000000,0,2268,1,1040,30,1629,1,7539,7); //gentleman pipe
	Add(1,5305,1,0,0,1214,5,969,10,7799,5,7539,6); //pirate dagger
	Add(1,5170,1,0,0,5172,1,7063,100,982,1,7539,3); //feather berret
	Add(1,5518,1,50000000,0,6004,1,7799,50,7798,30,2256,1,7539,10); //large magestic goat
	
	
	//For Shuffling on 10/22/14	
	
	
	Add(1,5800,1,0,0,5040,1,7170,1,2371,1,7539,6); //blush of groom
	Add(1,5013,1,50000000,0,754,100,753,100,752,100,751,100,750,100,743,100,742,100,741,100,2613,100,5053,100,7020,100,7036,100,2268,100,734,100,923,100,968,100,7005,100,714,300,7539,15);
	Add(1,18600,1,0,0,5184,1,5057,1,7539,9); //cat ear beret
	Add(1,5286,1,0,0,2254,2,7101,200,2210,2,7510,10,7539,4); //pecopeco hairband
	Add(1,18539,1,2000000,0,5184,1,5017,1,7005,100,983,10,7539,9); //skull cap
	
	
	//For Shuffling on 10/29/14
	
	
	Add(1,5273,1,0,0,2261,1,914,200,982,1,975,1,979,1,7539,4); //Happy Wig
	Add(1,5389,1,0,0,5043,5,969,10,7568,50,7539,8); //angel spirit
	Add(1,5805,1,0,0,5161,1,7539,15); //victorious coronet
	Add(1,5393,1,777777,0,2285,5,994,10,7097,25,7539,6); //vallentine hat
	Add(1,5325,1,0,0,5102,1,7355,12,7095,4,7317,2,7539,8); //robo eye
	
	
	//For Shuffling on 11/05/14
	
	
	Add(1,5274,1,0,0,2261,1,914,200,980,2,975,1,7539,4); //shiny wig
	Add(1,5208,1,0,0,1550,1,1553,7,1556,7,1554,7,1557,7,1555,7,7015,30,7539,3); //rideword hat
	Add(1,5155,1,0,0,7024,10,7754,2,7562,4,7450,1,7539,10); //father's white moustache
	Add(1,18507,1,0,0,1040,200,993,20,997,20,969,5,1005,1,2286,1,7539,7); //slotted elven ears
	Add(1,5379,1,0,0,5061,2,978,1,2270,2,5083,1,1059,150,7539,5); //Tam 
	
	
	//For Shuffling on 11/12/14
	
	
	Add(1,5275,1,0,0,2261,1,914,200,975,1,976,1,981,1,7539,4); //marvelous wig
	Add(1,5423,1,5000000,0,736,300,5074,1,994,1,7539,8); // i love china
	Add(1,5361,1,0,0,7216,200,7539,7); //gangster scarf
	Add(1,5171,1,0,0,4219,1,4114,1,4177,1,4259,1,4212,1,4073,1,4112,1,4081,1,4251,1,4166,1,7511,1000,7563,1000,7539,7); //valkyrie helm
	Add(1,5376,1,0,0,641,1,2210,1,7063,60,983,4,7539,3); //flying evil wing	